uri:/instrument/1.0/FLIR/chartdata;type=quote;range=500d/csv
ticker:flir
Company-Name:FLIR Systems, Inc.
Exchange-Name:NMS
unit:MIN
timezone:EDT
currency:USD
gmtoffset:-14400
previous_close:31.8000
range:20150424,1429882200,1429905600
range:20150427,1430141400,1430164800
range:20150428,1430227800,1430251200
range:20150429,1430314200,1430337600
range:20150430,1430400600,1430424000
range:20150501,1430487000,1430510400
range:20150504,1430746200,1430769600
range:20150505,1430832600,1430856000
range:20150506,1430919000,1430942400
range:20150507,1431005400,1431028800
range:20150508,1431091800,1431115200
range:20150511,1431351000,1431374400
range:20150512,1431437400,1431460800
range:20150513,1431523800,1431547200
range:20150514,1431610200,1431633600
Timestamp:1429882200,1431633600
labels:1429882200,1430141400,1430227800,1430314200,1430400600,1430487000,1430746200,1430832600,1430919000,1431005400,1431091800,1431351000,1431437400,1431523800,1431610200
values:Timestamp,close,high,low,open,volume
close:29.5100,32.0300
high:29.6900,32.0500
low:29.4300,32.0100
open:29.5100,32.0200
volume:0,877200
1429882444,31.6750,31.7500,31.0700,31.0900,36800
1429882760,30.7700,31.6100,30.7600,31.6100,24200
1429883061,30.4000,30.7530,30.3300,30.7500,15900
1429883364,30.2300,30.4101,30.2300,30.4101,12300
1429883645,29.8500,30.2200,29.8500,30.2100,118500
1429883987,29.6700,29.8400,29.6500,29.8200,20100
1429884249,29.5100,29.6900,29.4600,29.6900,25500
1429884591,29.8300,29.8300,29.4300,29.5100,25000
1429884876,29.7100,29.8200,29.6400,29.8200,14400
1429885152,29.8400,29.8500,29.6700,29.6700,32100
1429885487,29.9800,30.0200,29.8100,29.8400,27700
1429885798,30.0000,30.0500,29.8900,29.9200,19200
1429886091,30.0800,30.1100,29.9950,30.0100,14000
1429886368,30.1600,31.0400,30.0800,30.0800,124000
1429886698,30.1400,30.1500,30.1000,30.1400,49000
1429886960,30.1700,30.2099,30.1200,30.1400,56300
1429887256,30.2499,30.3200,30.1800,30.1800,24800
1429887597,30.3200,30.3200,30.2000,30.2200,5500
1429887897,30.2700,30.3300,30.2500,30.3100,7100
1429888197,30.3100,30.3100,30.2400,30.2400,3700
1429888499,30.2500,30.3100,30.1500,30.2900,87700
1429888747,30.1820,30.2880,30.1700,30.2400,37600
1429889095,30.1800,30.2100,30.0700,30.2000,12000
1429889394,30.2500,30.2700,30.1900,30.1900,4900
1429889683,30.0900,30.2500,30.0700,30.2500,14300
1429889964,29.9803,30.0800,29.9803,30.0800,11100
1429890299,29.8900,29.9700,29.8900,29.9700,10000
1429890593,29.9200,29.9200,29.8770,29.9000,13400
1429890847,29.9000,29.9600,29.9000,29.9100,15300
1429891148,30.0000,30.0400,29.9000,29.9000,9200
1429891497,30.0000,30.0298,29.9700,30.0100,3400
1429891795,29.9500,30.0098,29.9200,29.9900,8700
1429892087,29.9700,29.9900,29.9400,29.9500,3900
1429892363,29.9000,29.9700,29.8900,29.9700,9400
1429892697,29.9800,29.9800,29.8900,29.8900,7600
1429892999,30.0300,30.0698,29.9900,29.9900,6600
1429893293,30.0400,30.0900,30.0200,30.0200,9600
1429893569,30.0500,30.0600,30.0300,30.0500,9100
1429893866,30.0300,30.0366,30.0200,30.0366,31700
1429894188,30.0700,30.0700,30.0200,30.0300,18500
1429894444,30.1300,30.1300,30.0650,30.0650,3500
1429894759,30.1997,30.2000,30.1200,30.1250,6100
1429895078,30.2100,30.2600,30.1600,30.1800,10300
1429895381,30.2200,30.2500,30.1900,30.2200,4800
1429895671,30.2000,30.2150,30.1900,30.2100,4600
1429895999,30.2700,30.2800,30.2100,30.2100,28900
1429896243,30.3698,30.3700,30.2800,30.2800,62200
1429896598,30.4100,30.4250,30.3300,30.3700,10700
1429896860,30.4700,30.4700,30.4100,30.4100,5500
1429897142,30.4600,30.5100,30.4400,30.4700,12900
1429897496,30.5100,30.5150,30.4500,30.4700,95000
1429897791,30.4800,30.5450,30.4400,30.5200,11800
1429898088,30.4900,30.5000,30.4700,30.4800,5600
1429898371,30.4500,30.4900,30.4500,30.4800,3700
1429898690,30.4600,30.4600,30.4300,30.4500,11500
1429898996,30.4900,30.5299,30.4700,30.4700,6900
1429899286,30.4550,30.4700,30.4210,30.4700,3300
1429899491,30.4000,30.4600,30.4000,30.4500,2800
1429899881,30.4000,30.4300,30.3800,30.3900,6700
1429900087,30.3700,30.4000,30.3700,30.4000,1700
1429900443,30.4000,30.4200,30.3800,30.3800,7400
1429900799,30.4100,30.4200,30.3900,30.4100,3600
1429901091,30.4100,30.4200,30.4000,30.4100,1600
1429901350,30.4000,30.4100,30.3800,30.4100,8400
1429901677,30.4100,30.4300,30.2900,30.4000,18800
1429901990,30.4400,30.4400,30.3800,30.4100,7700
1429902286,30.3400,30.4400,30.3400,30.4400,7300
1429902560,30.3800,30.3800,30.3300,30.3400,11300
1429902849,30.4500,30.4700,30.3800,30.3800,14500
1429903177,30.4700,30.4900,30.4532,30.4700,8800
1429903493,30.4950,30.5400,30.4600,30.4650,18800
1429903783,30.5300,30.5300,30.4900,30.4900,11600
1429904097,30.5300,30.5400,30.4900,30.5300,21500
1429904397,30.5650,30.5900,30.5300,30.5400,17900
1429904693,30.5350,30.5650,30.5100,30.5600,11900
1429904999,30.5700,30.5800,30.5400,30.5400,30700
1429905299,30.4900,30.5400,30.4750,30.5100,46400
1429905540,30.5300,30.5600,30.4850,30.4850,86500
1429905600,30.5300,30.5300,30.5300,30.5300,45700
1430141678,30.6600,30.6600,30.5700,30.5700,0
1430141955,30.6500,30.6600,30.5000,30.5700,17800
1430142268,30.6500,30.6700,30.5900,30.6650,5400
1430142598,30.7800,30.7900,30.6400,30.6400,7900
1430142863,30.9000,30.9000,30.7500,30.7700,10800
1430143156,31.0400,31.0400,30.9000,30.9000,15000
1430143443,31.0005,31.0500,31.0005,31.0300,9300
1430143745,31.0700,31.0800,31.0100,31.0100,8800
1430144041,30.9950,31.0600,30.9700,31.0600,15400
1430144360,31.0800,31.1000,31.0000,31.0000,5300
1430144669,31.0800,31.1000,31.0700,31.0700,4000
1430144969,31.0700,31.0900,31.0400,31.0600,8000
1430145240,31.1500,31.1500,31.0799,31.0800,9000
1430145513,31.1601,31.2100,31.1500,31.1500,20600
1430145899,31.2200,31.2200,31.1700,31.1800,8400
1430146154,31.2500,31.2700,31.2200,31.2200,14100
1430146499,31.1800,31.2700,31.1400,31.2700,6400
1430146786,31.2400,31.2800,31.1200,31.1800,14900
1430147046,31.2300,31.2500,31.1700,31.2500,27600
1430147355,31.1600,31.2201,31.1400,31.2201,6100
1430147697,31.1400,31.1800,31.1400,31.1600,5800
1430147991,31.0800,31.1500,31.0600,31.1400,8000
1430148268,31.0700,31.0800,31.0510,31.0700,7100
1430148555,31.0300,31.0700,31.0150,31.0700,7100
1430148876,31.0300,31.0600,31.0200,31.0300,10000
1430149164,31.1000,31.1000,31.0300,31.0300,11100
1430149499,31.0900,31.1200,31.0800,31.1000,8000
1430149681,31.0300,31.1000,31.0300,31.1000,6100
1430150042,31.0200,31.0600,31.0200,31.0300,4200
1430150366,30.9800,31.0100,30.9700,31.0100,5900
1430150677,30.9800,30.9800,30.9610,30.9700,4000
1430150984,30.9600,30.9800,30.9500,30.9800,7300
1430151292,30.9200,30.9600,30.9100,30.9600,4900
1430151561,30.8600,30.9250,30.8500,30.9250,4900
1430151851,30.8690,30.8700,30.8400,30.8410,4700
1430152127,30.8900,30.9000,30.8601,30.8700,5900
1430152458,30.8800,30.8800,30.8400,30.8800,7800
1430152799,30.9100,30.9200,30.8800,30.8800,8400
1430153039,30.9400,30.9400,30.9000,30.9000,3800
1430153397,30.8800,30.9300,30.8800,30.9300,3200
1430153677,30.7950,30.8700,30.7900,30.8700,5200
1430153948,30.8750,30.8800,30.8000,30.8100,7600
1430154288,30.8750,30.8800,30.8600,30.8600,2800
1430154586,30.8900,30.9100,30.8899,30.8899,3300
1430154899,30.8300,30.8800,30.8300,30.8800,5000
1430155191,30.7700,30.8100,30.7700,30.8100,4800
1430155440,30.7999,30.8000,30.7500,30.7500,10400
1430155768,30.8400,30.8400,30.7800,30.7800,3400
1430156092,30.8000,30.8400,30.8000,30.8300,4900
1430156395,30.8200,30.8200,30.7900,30.7900,5300
1430156618,30.8250,30.8250,30.8100,30.8200,2700
1430156952,30.7650,30.8300,30.7600,30.8300,3100
1430157280,30.7300,30.7600,30.7300,30.7550,1600
1430157561,30.7400,30.7500,30.7200,30.7200,4500
1430157792,30.7201,30.7500,30.7201,30.7450,2500
1430158153,30.7300,30.7400,30.7100,30.7100,6200
1430158391,30.7400,30.7400,30.7300,30.7300,1200
1430158756,30.7200,30.7300,30.6800,30.7300,7300
1430159041,30.7200,30.7300,30.7010,30.7100,3200
1430159388,30.7200,30.7400,30.7200,30.7300,3400
1430159697,30.7300,30.7300,30.7000,30.7100,6400
1430159999,30.6650,30.7300,30.6500,30.7300,6700
1430160293,30.7000,30.7000,30.6700,30.6700,4300
1430160557,30.6900,30.7100,30.6900,30.7100,2000
1430160874,30.6800,30.6900,30.6700,30.6900,3700
1430161198,30.7100,30.7100,30.6800,30.6800,4100
1430161488,30.7800,30.8000,30.7100,30.7100,15400
1430161791,30.7900,30.8000,30.7500,30.7900,6600
1430162089,30.7700,30.8200,30.7700,30.7800,5800
1430162397,30.7720,30.8000,30.7600,30.7800,11300
1430162695,30.8000,30.8000,30.7700,30.7900,7900
1430162999,30.7800,30.8000,30.7800,30.7978,8700
1430163247,30.8000,30.8050,30.7600,30.7800,14800
1430163544,30.8500,30.8500,30.7700,30.7900,10300
1430163899,30.8500,30.8500,30.8000,30.8500,17900
1430164197,30.8500,30.8550,30.8050,30.8500,42500
1430164479,30.8650,30.8700,30.7900,30.8400,73500
1430164740,30.9000,30.9600,30.8600,30.8600,81600
1430164800,30.8900,30.8900,30.8900,30.8900,90400
1430228092,31.0400,31.1700,30.8100,30.8100,0
1430228386,30.9200,31.0300,30.9100,31.0100,10400
1430228648,30.8200,30.8900,30.8200,30.8700,5400
1430228978,30.8000,30.8800,30.7600,30.7700,10400
1430229298,30.8350,30.8800,30.7800,30.8000,7400
1430229544,30.8100,30.9300,30.7750,30.8400,14700
1430229890,30.8100,30.8300,30.7200,30.8100,25000
1430230199,30.7600,30.8000,30.7100,30.8000,10600
1430230479,30.7200,30.7850,30.6900,30.7600,36000
1430230683,30.7100,30.7100,30.6700,30.7000,4300
1430231098,30.6790,30.7000,30.6650,30.7000,6800
1430231340,30.7900,30.8600,30.6800,30.6800,31700
1430231648,30.8500,30.8850,30.7703,30.7800,12400
1430231985,30.9200,30.9500,30.8600,30.8800,16900
1430232295,31.0400,31.0600,30.9200,30.9200,22900
1430232495,31.0000,31.0100,30.9500,31.0100,3400
1430232883,30.9800,31.0000,30.9700,30.9900,4400
1430233166,30.9903,31.0200,30.9525,30.9800,9200
1430233475,31.0500,31.0900,31.0000,31.0100,6400
1430233795,31.0200,31.0900,31.0200,31.0760,4200
1430234093,31.0500,31.0600,31.0200,31.0200,6000
1430234341,30.9970,31.0321,30.9800,31.0300,6600
1430234678,30.9900,30.9900,30.9700,30.9800,2200
1430234999,30.9650,31.0200,30.9400,30.9800,6000
1430235285,30.9800,30.9950,30.9600,30.9600,5500
1430235540,31.0900,31.1400,30.9900,30.9900,34100
1430235870,30.9900,31.0800,30.9900,31.0700,8400
1430236142,31.0600,31.0600,30.9750,30.9850,11000
1430236496,31.1000,31.1000,31.0300,31.0500,15500
1430236752,31.0699,31.1000,31.0300,31.0900,9100
1430237051,31.0000,31.0500,31.0000,31.0500,4500
1430237397,31.0200,31.0299,30.9900,31.0100,5500
1430237697,31.0000,31.0299,31.0000,31.0299,1900
1430237941,31.0000,31.0200,31.0000,31.0200,5300
1430238289,30.9950,31.0000,30.9850,31.0000,5700
1430238578,31.0500,31.0500,30.9900,31.0000,4400
1430238844,31.0100,31.0600,31.0000,31.0600,4600
1430239193,30.9800,31.0200,30.9800,31.0100,1500
1430239496,30.9900,31.0000,30.9800,30.9800,4700
1430239682,31.0000,31.0000,30.9900,30.9900,1500
1430240041,31.0500,31.0500,31.0000,31.0100,2400
1430240282,31.0100,31.0650,31.0000,31.0500,3600
1430240672,31.0300,31.0300,30.9900,30.9900,2100
1430240890,31.0300,31.0600,31.0300,31.0400,2200
1430241257,31.0200,31.0300,31.0200,31.0200,1700
1430241490,31.0300,31.0300,31.0240,31.0300,1400
1430241846,31.0500,31.0500,31.0300,31.0300,3100
1430242150,31.0300,31.0650,31.0300,31.0600,4900
1430242406,31.0100,31.0200,31.0000,31.0200,2100
1430242783,31.0400,31.0400,31.0100,31.0100,4300
1430243063,31.0600,31.0600,31.0400,31.0400,2700
1430243344,31.0600,31.0600,31.0500,31.0600,1400
1430243615,31.0100,31.0500,31.0100,31.0500,2500
1430243855,31.0100,31.0200,31.0100,31.0200,2700
1430244290,30.9950,31.0100,30.9800,31.0100,15100
1430244590,31.0000,31.0010,30.9900,30.9900,7900
1430244845,30.9800,31.0050,30.9700,31.0000,7400
1430245174,30.9900,31.0200,30.9400,30.9600,40000
1430245477,30.9768,30.9832,30.9700,30.9800,3300
1430245679,30.9950,31.0100,30.9800,30.9900,5200
1430246043,31.0300,31.0500,30.9700,30.9900,43200
1430246381,31.0300,31.0300,31.0300,31.0300,1400
1430246641,31.0550,31.0800,31.0300,31.0300,6900
1430246965,31.0400,31.0600,31.0400,31.0600,3800
1430247239,31.0300,31.0500,31.0200,31.0500,3600
1430247599,31.0300,31.0700,31.0300,31.0500,9500
1430247896,31.0500,31.0600,31.0400,31.0400,3800
1430248141,31.0400,31.0750,31.0400,31.0500,8100
1430248479,31.0400,31.0600,31.0400,31.0400,4300
1430248744,31.0300,31.0500,31.0200,31.0500,6000
1430249026,31.0300,31.0450,31.0300,31.0300,7600
1430249383,31.0100,31.0300,31.0000,31.0300,6700
1430249685,31.0400,31.0500,31.0200,31.0200,13300
1430249997,31.0000,31.0500,31.0000,31.0300,25000
1430250245,31.0300,31.0300,31.0000,31.0100,21300
1430250599,31.0300,31.0450,31.0200,31.0300,13000
1430250870,31.0600,31.0900,31.0000,31.0200,29700
1430251140,31.1500,31.1500,31.0650,31.0700,104100
1430251200,31.1500,31.1500,31.1500,31.1500,52600
1430314489,30.8000,30.9200,30.7300,30.9200,0
1430314757,30.7950,30.8300,30.7900,30.7900,4200
1430315041,30.7600,30.7900,30.6800,30.7800,9600
1430315345,30.7400,30.8000,30.7300,30.7300,4400
1430315652,30.8100,30.8250,30.7200,30.7400,10400
1430315942,30.6850,30.8150,30.6850,30.8000,4100
1430316272,30.6400,30.6900,30.6200,30.6600,9400
1430316594,30.5900,30.6300,30.5400,30.6300,11700
1430316882,30.5700,30.5900,30.5450,30.5900,11000
1430317197,30.5400,30.6350,30.5250,30.5500,16400
1430317440,30.6000,30.6400,30.5500,30.5500,19800
1430317793,30.7000,30.7100,30.5900,30.6000,13300
1430318081,30.9000,30.9000,30.7100,30.7100,14500
1430318340,30.8900,30.9400,30.8700,30.9200,8700
1430318642,30.8900,30.8900,30.8400,30.8700,7000
1430318944,30.8300,30.8998,30.8200,30.8998,6000
1430319282,30.8200,30.8400,30.7900,30.8250,6800
1430319548,30.8600,30.8800,30.8025,30.8100,5400
1430319867,30.8900,30.8900,30.8400,30.8400,5200
1430320178,30.8400,30.8830,30.8400,30.8830,2700
1430320496,30.8500,30.8600,30.8300,30.8500,4400
1430320794,30.8200,30.8500,30.8200,30.8200,3800
1430321083,30.8400,30.8700,30.8300,30.8300,4400
1430321361,30.7900,30.8400,30.7900,30.8400,3000
1430321685,30.8000,30.8100,30.7550,30.7950,8000
1430321998,30.7900,30.8000,30.7900,30.7900,2000
1430322269,30.8000,30.8200,30.7850,30.7900,3600
1430322599,30.8100,30.8300,30.8000,30.8300,3500
1430322808,30.8100,30.8250,30.8100,30.8100,2400
1430323199,30.8200,30.8300,30.8110,30.8150,5200
1430323446,30.8300,30.8500,30.8100,30.8200,6500
1430323765,30.8100,30.8150,30.7800,30.8150,4500
1430324041,30.7900,30.8150,30.7600,30.8150,4000
1430324345,30.7500,30.7900,30.7500,30.7900,6200
1430324688,30.8200,30.8300,30.7500,30.7500,10200
1430324997,30.8200,30.8250,30.7700,30.7900,23700
1430325243,30.8300,30.8400,30.7600,30.8100,11000
1430325595,30.7950,30.8500,30.7800,30.8400,4400
1430325897,30.8500,30.8800,30.7850,30.7900,17400
1430326152,30.8500,30.8800,30.8400,30.8600,3300
1430326490,30.8600,30.8800,30.8500,30.8700,7700
1430326755,30.9250,30.9500,30.8500,30.8500,14000
1430327092,30.8500,30.9500,30.8500,30.9100,26300
1430327395,30.9300,30.9300,30.8400,30.8500,15000
1430327681,30.8900,30.9500,30.8800,30.9200,28500
1430327954,30.9100,30.9500,30.8900,30.8900,9700
1430328290,30.8870,30.9100,30.8800,30.8800,2100
1430328598,30.8800,30.8932,30.8600,30.8800,3900
1430328813,30.9100,30.9300,30.8600,30.8700,10700
1430329186,30.9400,30.9600,30.8800,30.8800,9800
1430329473,30.9700,30.9700,30.9000,30.9500,3900
1430329685,30.9400,30.9500,30.9100,30.9300,1600
1430330071,30.9600,30.9700,30.9300,30.9300,4000
1430330309,30.9500,31.0200,30.9500,30.9500,5300
1430330679,30.9700,31.0200,30.9200,30.9600,5700
1430330943,30.9350,30.9900,30.9000,30.9700,4400
1430331297,30.9300,30.9600,30.9100,30.9300,12700
1430331573,31.0100,31.0100,30.9300,30.9300,4200
1430331853,31.0299,31.0299,30.9800,31.0100,4300
1430332152,30.9800,30.9895,30.9600,30.9700,4600
1430332443,31.0200,31.0200,30.9600,30.9900,4200
1430332784,30.9800,31.0100,30.9600,30.9900,6300
1430333043,31.0270,31.0400,30.9900,30.9900,6100
1430333369,30.9700,31.0300,30.9700,31.0300,2700
1430333651,30.9400,30.9700,30.9100,30.9700,5300
1430333991,30.9300,30.9500,30.9200,30.9500,3400
1430334243,30.9850,31.0100,30.9400,30.9400,12800
1430334541,31.0000,31.0300,30.9500,30.9700,23900
1430334816,31.0000,31.0200,30.9518,30.9800,12200
1430335198,31.0000,31.0300,30.9650,31.0000,7400
1430335485,30.9900,31.0100,30.9700,31.0000,9000
1430335747,30.9700,30.9900,30.9700,30.9800,9500
1430336049,30.9700,31.0100,30.9600,30.9800,22500
1430336354,30.9800,31.0200,30.9600,30.9700,11300
1430336692,30.9700,31.0000,30.9600,30.9800,39600
1430336985,30.9800,30.9950,30.9600,30.9700,29900
1430337290,30.9100,30.9750,30.9000,30.9700,108200
1430337540,30.9700,31.0100,30.9100,30.9100,109300
1430337600,30.9900,30.9900,30.9900,30.9900,67700
1430400802,30.9400,30.9400,30.6800,30.7400,0
1430401152,30.8000,30.8200,30.7500,30.8150,4400
1430401441,30.6800,30.7500,30.5900,30.7450,4600
1430401798,30.6800,30.6800,30.5850,30.6400,8200
1430402083,30.6400,30.6600,30.5500,30.6400,11300
1430402280,30.7400,30.7400,30.5600,30.5600,12800
1430402690,30.6350,30.7300,30.6000,30.6800,23100
1430402941,30.7400,30.8150,30.6700,30.6700,17200
1430403293,30.7700,30.8100,30.7200,30.7400,14100
1430403594,30.8100,30.8250,30.7400,30.7700,18500
1430403897,30.7795,30.8650,30.7500,30.8100,19000
1430404195,30.7100,30.8000,30.7100,30.7800,14800
1430404478,30.7500,30.7600,30.6900,30.7100,7900
1430404740,30.7600,30.8300,30.7400,30.7400,13700
1430405099,30.7650,30.8100,30.7550,30.7700,13700
1430405342,30.7800,30.8100,30.7695,30.7800,5500
1430405641,30.8000,30.8100,30.7600,30.7900,17500
1430405997,30.8800,30.8900,30.7700,30.7950,20800
1430406287,30.8800,30.8800,30.7900,30.8699,15600
1430406558,30.9000,30.9100,30.8900,30.9000,2200
1430406772,30.9000,30.9000,30.8700,30.8800,2700
1430407154,30.8500,30.8900,30.8500,30.8500,6600
1430407477,30.8000,30.8500,30.7900,30.8300,3700
1430407783,30.7800,30.8300,30.7600,30.7800,8600
1430408095,30.8050,30.8100,30.7700,30.7700,3300
1430408389,30.7800,30.8199,30.7700,30.8199,12000
1430408698,30.7700,30.8050,30.7700,30.7899,8800
1430408902,30.8100,30.8199,30.8000,30.8000,2000
1430409288,30.7800,30.8200,30.7700,30.8000,18600
1430409596,30.7900,30.8000,30.7650,30.7800,16700
1430409827,30.7800,30.8100,30.7400,30.7950,9000
1430410199,30.7950,30.8150,30.7700,30.7900,8700
1430410449,30.7900,30.8000,30.7700,30.7950,12000
1430410745,30.8200,30.8400,30.7999,30.8000,3700
1430411055,30.8100,30.8300,30.7900,30.8300,2300
1430411392,30.7800,30.8200,30.7800,30.8200,2300
1430411641,30.8400,30.8400,30.7900,30.7900,2900
1430411953,30.8400,30.8450,30.8200,30.8400,3200
1430412270,30.8100,30.8299,30.8100,30.8200,1300
1430412571,30.7930,30.8200,30.7800,30.8200,7900
1430412726,30.8000,30.8300,30.8000,30.8000,2200
1430413169,30.8300,30.8400,30.8000,30.8000,3200
1430413498,30.8300,30.8500,30.8100,30.8400,2000
1430413699,30.8100,30.8400,30.7900,30.8400,3400
1430414098,30.8011,30.8100,30.7800,30.8100,4400
1430414342,30.8100,30.8100,30.7700,30.8100,10900
1430414687,30.7900,30.8100,30.7900,30.8000,2600
1430414894,30.7900,30.8050,30.7650,30.7900,9000
1430415246,30.8200,30.8300,30.7700,30.7800,4300
1430415540,30.8100,30.8300,30.7900,30.8200,2900
1430415893,30.7800,30.8000,30.7700,30.7900,8200
1430416174,30.7505,30.7800,30.7500,30.7800,3100
1430416484,30.7700,30.7700,30.7400,30.7400,6400
1430416795,30.7600,30.7900,30.7600,30.7600,3500
1430417073,30.7550,30.7600,30.7500,30.7500,7700
1430417388,30.7700,30.7800,30.7500,30.7500,5300
1430417660,30.7900,30.7900,30.7400,30.7600,6400
1430417998,30.8000,30.8200,30.7800,30.8000,3200
1430418296,30.7700,30.8099,30.7600,30.7900,21500
1430418585,30.7800,30.8000,30.7700,30.7700,8800
1430418875,30.7700,30.8000,30.7700,30.7800,7100
1430419150,30.8100,30.8100,30.7692,30.7750,12100
1430419490,30.8099,30.8300,30.7750,30.8100,9500
1430419790,30.7900,30.8350,30.7800,30.8100,9700
1430420098,30.7800,30.8100,30.7700,30.8000,12900
1430420399,30.7850,30.8000,30.7700,30.7850,28500
1430420699,30.7500,30.7900,30.7000,30.7800,50100
1430420998,30.7000,30.7800,30.6800,30.7500,30800
1430421299,30.7500,30.7500,30.6700,30.6800,26200
1430421555,30.7999,30.8100,30.7200,30.7500,22100
1430421889,30.7900,30.8400,30.7800,30.8000,7000
1430422186,30.7800,30.7950,30.7600,30.7800,27000
1430422442,30.8200,30.8200,30.7600,30.7900,12400
1430422749,30.8200,30.8500,30.7800,30.8100,10700
1430423095,30.7700,30.8200,30.7650,30.8200,21000
1430423356,30.7700,30.7900,30.7550,30.7700,26000
1430423647,30.8100,30.8200,30.7600,30.7700,35900
1430423999,30.8800,30.8900,30.7950,30.8200,128100
1430424000,30.8900,30.8900,30.8900,30.8900,79100
1430487163,30.8950,30.9900,30.8950,30.9200,0
1430487544,31.0000,31.0700,30.9900,31.0035,5700
1430487877,31.0500,31.0500,30.9500,30.9700,11300
1430488146,31.0200,31.0400,31.0000,31.0400,11800
1430488447,31.0500,31.0700,30.9900,31.0100,24300
1430488756,31.0500,31.0900,31.0400,31.0400,17600
1430489075,31.0900,31.0900,30.9960,31.0300,10000
1430489388,31.0700,31.0800,31.0400,31.0800,9200
1430489644,31.1300,31.1700,31.0800,31.0900,15900
1430489986,31.2000,31.2100,31.1000,31.1000,6100
1430490251,31.1595,31.2100,31.1550,31.2100,3300
1430490548,31.1200,31.1500,31.1200,31.1350,6500
1430490892,31.1400,31.1400,31.0850,31.1000,6600
1430491176,31.0800,31.1300,31.0300,31.1300,17900
1430491472,31.0700,31.0700,31.0000,31.0600,10200
1430491744,31.0500,31.0700,31.0400,31.0500,7300
1430492076,31.0800,31.0850,31.0500,31.0500,5800
1430492396,31.0800,31.1050,31.0400,31.0700,12200
1430492690,31.0900,31.1200,31.0800,31.0800,4800
1430492981,31.0800,31.1000,31.0700,31.0800,9300
1430493280,31.1200,31.1200,31.0700,31.1000,6500
1430493574,31.1200,31.1200,31.1000,31.1200,5600
1430493855,31.1100,31.1300,31.1000,31.1300,8300
1430494190,31.1470,31.1470,31.1200,31.1200,6800
1430494493,31.0800,31.1400,31.0800,31.1400,8500
1430494791,31.0700,31.1000,31.0700,31.0800,14700
1430495072,31.0700,31.0800,31.0400,31.0700,14800
1430495377,31.0500,31.0650,31.0400,31.0650,12900
1430495641,31.0400,31.0600,31.0300,31.0400,7200
1430495987,31.1010,31.1200,31.0200,31.0400,9100
1430496296,31.1200,31.1200,31.0650,31.1000,9700
1430496573,31.0900,31.1200,31.0700,31.1100,7300
1430496858,31.0900,31.1000,31.0700,31.0800,5400
1430497152,31.1400,31.1400,31.1000,31.1000,6800
1430497413,31.1200,31.1400,31.1050,31.1400,2600
1430497745,31.1000,31.1100,31.0700,31.1100,8400
1430498082,31.1015,31.1300,31.1000,31.1200,4500
1430498359,31.1200,31.1200,31.0900,31.1100,4400
1430498644,31.1300,31.1300,31.0800,31.1200,3400
1430498951,31.1200,31.1300,31.1200,31.1300,3200
1430499276,31.1400,31.1400,31.0900,31.1200,5300
1430499561,31.1200,31.1300,31.1000,31.1300,5900
1430499851,31.1200,31.1300,31.1000,31.1200,4600
1430500153,31.0850,31.1200,31.0800,31.1200,3100
1430500490,31.0600,31.0850,31.0600,31.0850,5400
1430500742,31.1100,31.1100,31.0650,31.0650,11100
1430501084,31.1000,31.1000,31.0800,31.1000,3700
1430501283,31.1300,31.1300,31.1000,31.1100,2300
1430501655,31.1000,31.1302,31.1000,31.1300,5200
1430501990,31.1400,31.1470,31.1100,31.1200,5700
1430502299,31.1400,31.1400,31.1200,31.1400,5600
1430502589,31.2000,31.2000,31.1500,31.1500,8400
1430502871,31.2700,31.2700,31.2100,31.2100,8400
1430503077,31.2400,31.2600,31.2400,31.2500,2800
1430503494,31.2500,31.2670,31.2500,31.2500,7400
1430503791,31.2500,31.2600,31.2500,31.2600,3400
1430504099,31.2500,31.2600,31.2500,31.2500,2900
1430504394,31.2400,31.2600,31.2200,31.2500,5800
1430504638,31.2200,31.2400,31.2100,31.2400,5300
1430504941,31.2400,31.2500,31.2100,31.2100,7200
1430505242,31.2000,31.2600,31.2000,31.2600,4800
1430505591,31.2101,31.2300,31.2000,31.2000,8500
1430505898,31.1900,31.2200,31.1900,31.2100,2900
1430506186,31.2100,31.2100,31.1900,31.2000,9600
1430506492,31.1600,31.2100,31.1600,31.2100,8400
1430506799,31.1600,31.1700,31.1600,31.1700,5900
1430507061,31.1800,31.1900,31.1600,31.1600,13100
1430507353,31.1900,31.1900,31.1600,31.1800,10200
1430507669,31.1700,31.1800,31.1700,31.1800,2700
1430507966,31.1900,31.1900,31.1700,31.1700,6000
1430508284,31.1900,31.1900,31.1800,31.1800,7200
1430508599,31.1600,31.1900,31.1600,31.1850,8900
1430508847,31.1600,31.1700,31.1450,31.1600,16300
1430509198,31.1737,31.1900,31.1700,31.1800,13200
1430509456,31.2000,31.2100,31.1700,31.1701,10800
1430509797,31.2000,31.2100,31.1900,31.1950,13700
1430510052,31.1900,31.2100,31.1600,31.2000,43100
1430510348,31.2600,31.2700,31.1900,31.1900,147500
1430510400,31.2600,31.2600,31.2600,31.2600,0
1430746453,31.1900,31.1900,31.1300,31.1300,0
1430746757,31.3000,31.3450,31.2000,31.2000,10700
1430747091,31.4200,31.4500,31.3050,31.3050,17200
1430747390,31.4000,31.4700,31.3300,31.3850,16100
1430747687,31.3300,31.4400,31.3200,31.3800,17100
1430747999,31.2750,31.3200,31.2400,31.3200,11200
1430748286,31.3650,31.3800,31.2600,31.2900,8400
1430748597,31.4700,31.5000,31.3600,31.3700,23000
1430748895,31.5300,31.5300,31.4300,31.4700,15400
1430749188,31.5000,31.5400,31.4850,31.5300,16200
1430749499,31.4800,31.5300,31.4500,31.5000,9500
1430749796,31.5100,31.5500,31.4650,31.4900,17500
1430750087,31.4900,31.5300,31.4700,31.5100,31100
1430750378,31.4800,31.5100,31.4800,31.5000,4800
1430750640,31.4900,31.5200,31.4700,31.4700,10900
1430750986,31.4800,31.5000,31.4400,31.4900,12200
1430751297,31.4300,31.4800,31.4200,31.4800,5900
1430751593,31.4700,31.4700,31.4200,31.4200,9500
1430751867,31.4400,31.4600,31.4250,31.4600,9300
1430752183,31.4850,31.4950,31.4600,31.4600,15200
1430752461,31.5000,31.5100,31.4800,31.4800,7000
1430752795,31.4800,31.5100,31.4800,31.5000,7500
1430753079,31.5000,31.5100,31.4700,31.4700,7200
1430753384,31.4900,31.5100,31.4900,31.5000,5800
1430753699,31.4900,31.5100,31.4900,31.4900,6200
1430753992,31.5000,31.5250,31.4850,31.4900,6200
1430754290,31.5000,31.5100,31.4900,31.5100,4500
1430754541,31.5300,31.5400,31.4900,31.5000,6600
1430754881,31.5000,31.5300,31.5000,31.5300,5100
1430755162,31.5000,31.5261,31.5000,31.5000,5700
1430755447,31.5400,31.5400,31.4900,31.4900,2900
1430755777,31.5000,31.5300,31.5000,31.5300,2900
1430756071,31.4980,31.5200,31.4980,31.5100,6300
1430756366,31.5000,31.5100,31.4800,31.4900,11500
1430756671,31.5100,31.5100,31.4900,31.4900,4400
1430756984,31.4900,31.5100,31.4900,31.5100,1400
1430757267,31.5000,31.5000,31.4600,31.4900,5300
1430757599,31.4600,31.4950,31.4600,31.4900,3800
1430757828,31.4700,31.5000,31.4600,31.4600,3900
1430758197,31.4900,31.5000,31.4700,31.4700,6400
1430758497,31.4800,31.5075,31.4800,31.4800,8300
1430758760,31.4900,31.5000,31.4800,31.4800,5500
1430759073,31.4700,31.4900,31.4600,31.4800,8200
1430759392,31.4700,31.5000,31.4500,31.4850,17900
1430759646,31.5000,31.5000,31.4600,31.4700,6900
1430759944,31.4700,31.5000,31.4700,31.5000,6900
1430760230,31.4500,31.4700,31.4500,31.4635,4000
1430760578,31.4700,31.4700,31.4500,31.4500,6100
1430760850,31.4700,31.4700,31.4600,31.4600,7200
1430761133,31.4700,31.4800,31.4700,31.4700,2400
1430761451,31.4600,31.4700,31.4500,31.4700,4000
1430761746,31.4400,31.4600,31.4400,31.4600,1600
1430762052,31.4600,31.4800,31.4500,31.4500,6200
1430762361,31.4500,31.4800,31.4500,31.4700,4100
1430762645,31.4600,31.4700,31.4500,31.4600,5000
1430762994,31.4300,31.4500,31.4000,31.4500,9200
1430763278,31.4220,31.4400,31.4200,31.4400,10600
1430763585,31.4600,31.4600,31.4400,31.4400,2600
1430763845,31.4900,31.4900,31.4520,31.4600,8000
1430764140,31.4900,31.4900,31.4800,31.4900,3400
1430764495,31.4800,31.4900,31.4750,31.4800,6000
1430764797,31.4900,31.5000,31.4800,31.4900,7000
1430765061,31.4900,31.5000,31.4900,31.5000,1600
1430765390,31.4900,31.4900,31.4700,31.4900,9600
1430765693,31.4800,31.5000,31.4500,31.4900,15600
1430765985,31.4901,31.5000,31.4800,31.4800,4100
1430766255,31.4900,31.4950,31.4700,31.4900,9300
1430766597,31.5000,31.5100,31.5000,31.5000,6300
1430766886,31.5100,31.5100,31.5000,31.5000,3000
1430767197,31.5000,31.5200,31.4900,31.5100,13500
1430767488,31.5400,31.5500,31.5050,31.5050,8700
1430767794,31.5400,31.5400,31.5200,31.5400,6300
1430768092,31.5100,31.5500,31.5100,31.5300,9300
1430768344,31.5100,31.5200,31.5000,31.5000,11800
1430768679,31.5150,31.5200,31.4900,31.5200,9300
1430768942,31.5100,31.5300,31.5000,31.5200,19600
1430769294,31.4800,31.5000,31.4700,31.4900,15000
1430769599,31.5300,31.5300,31.4550,31.4750,85300
1430769600,31.5200,31.5200,31.5200,31.5200,27800
1430832865,31.3200,31.4000,31.3200,31.4000,0
1430833144,31.5000,31.5100,31.3700,31.3700,27800
1430833480,31.5300,31.5300,31.4800,31.4800,7900
1430833793,31.5400,31.5900,31.5000,31.5300,7300
1430834043,31.4700,31.5700,31.4700,31.5700,10800
1430834340,31.4100,31.4850,31.4000,31.4600,32400
1430834694,31.3700,31.4200,31.3700,31.4200,14800
1430834997,31.4400,31.4400,31.3500,31.3650,11300
1430835241,31.4600,31.4800,31.4150,31.4500,21700
1430835597,31.4550,31.4600,31.4300,31.4400,11600
1430835873,31.4700,31.5000,31.4300,31.4300,12700
1430836144,31.5099,31.5200,31.4400,31.4500,31000
1430836440,31.4800,31.5000,31.4400,31.5000,14100
1430836740,31.4400,31.5000,31.4400,31.4700,4500
1430837084,31.5100,31.5100,31.4400,31.4450,9700
1430837340,31.5200,31.5200,31.4801,31.5100,3900
1430837690,31.4800,31.5100,31.4800,31.5000,9400
1430837996,31.5200,31.5700,31.4700,31.4800,12000
1430838293,31.4900,31.5200,31.4800,31.4900,9100
1430838591,31.4150,31.5100,31.4100,31.5100,12700
1430838846,31.4700,31.5000,31.4200,31.4200,20000
1430839194,31.4800,31.5000,31.4400,31.4700,14600
1430839492,31.4600,31.5000,31.4400,31.4800,877200
1430839740,31.3600,31.4650,31.3500,31.4650,576600
1430840098,31.3100,31.3500,31.2800,31.3500,22000
1430840396,31.3200,31.3200,31.3000,31.3100,13000
1430840692,31.3750,31.3800,31.3200,31.3200,6700
1430840977,31.3900,31.3900,31.3600,31.3700,12000
1430841286,31.3750,31.3900,31.3700,31.3850,10300
1430841591,31.4100,31.4110,31.3750,31.3750,4700
1430841852,31.4300,31.4550,31.4200,31.4200,11600
1430842175,31.4100,31.4300,31.4100,31.4300,3500
1430842420,31.4400,31.4400,31.4100,31.4150,5900
1430842782,31.3900,31.4550,31.3900,31.4450,16400
1430843042,31.3700,31.3900,31.3700,31.3900,11100
1430843348,31.3600,31.3700,31.3600,31.3600,5900
1430843554,31.3300,31.3600,31.3300,31.3600,6600
1430843998,31.3300,31.3400,31.3300,31.3300,8900
1430844298,31.3100,31.3400,31.3100,31.3400,4600
1430844551,31.2900,31.3000,31.2700,31.3000,3900
1430844843,31.2200,31.2890,31.2200,31.2800,5500
1430845190,31.2400,31.2500,31.2400,31.2400,5100
1430845464,31.2500,31.2599,31.2400,31.2400,10800
1430845749,31.2700,31.2850,31.2400,31.2450,8000
1430846040,31.2250,31.2799,31.2200,31.2799,8200
1430846398,31.1900,31.2300,31.1900,31.2200,5700
1430846651,31.2100,31.2100,31.1700,31.1900,6000
1430846942,31.2600,31.2600,31.2100,31.2100,8400
1430847297,31.2450,31.2550,31.2400,31.2500,6900
1430847593,31.2800,31.3000,31.2400,31.2400,7900
1430847898,31.2500,31.2800,31.2490,31.2800,4300
1430848198,31.2300,31.2700,31.2300,31.2500,6900
1430848448,31.2200,31.2500,31.1900,31.2200,5300
1430848795,31.2250,31.2250,31.2100,31.2200,3700
1430849076,31.1700,31.2200,31.1700,31.2200,8700
1430849374,31.1600,31.1800,31.1600,31.1600,6600
1430849680,31.1800,31.1900,31.1600,31.1600,5300
1430849958,31.1800,31.1900,31.1400,31.1700,6700
1430850285,31.2100,31.2500,31.1700,31.1900,17000
1430850545,31.2200,31.2450,31.2000,31.2000,12000
1430850857,31.2600,31.2800,31.2190,31.2200,10100
1430851191,31.2600,31.2900,31.2500,31.2600,9300
1430851482,31.2100,31.2600,31.2100,31.2600,7400
1430851742,31.2300,31.2400,31.2100,31.2300,7500
1430852081,31.1600,31.2100,31.1600,31.2100,7900
1430852391,31.1701,31.1800,31.1500,31.1600,8900
1430852654,31.1450,31.1704,31.1400,31.1700,7800
1430852948,31.1100,31.1400,31.1050,31.1400,11100
1430853265,31.1300,31.1400,31.1000,31.1000,11200
1430853562,31.1100,31.1400,31.1100,31.1300,8500
1430853781,31.1300,31.1300,31.1000,31.1100,7300
1430854199,31.1600,31.1700,31.1200,31.1200,9600
1430854442,31.1800,31.1900,31.1500,31.1600,17000
1430854798,31.2200,31.2300,31.1900,31.1900,8200
1430855088,31.1600,31.2200,31.1600,31.2200,15700
1430855397,31.1300,31.1600,31.1300,31.1600,16400
1430855698,31.1650,31.2000,31.1400,31.1500,32500
1430855943,31.2500,31.2600,31.1400,31.1700,146500
1430856000,31.2600,31.2600,31.2600,31.2600,44700
1430919183,31.2200,31.3200,31.2000,31.3100,0
1430919561,31.1900,31.2300,31.1600,31.2300,10300
1430919895,31.1200,31.2600,31.0100,31.1850,26100
1430920191,31.1300,31.1400,31.0800,31.1000,7000
1430920441,31.0500,31.1600,31.0400,31.1600,10000
1430920779,31.1200,31.1300,31.0400,31.0700,5500
1430921059,31.0800,31.1200,31.0500,31.0700,11700
1430921395,31.0800,31.1300,31.0800,31.1200,14900
1430921658,31.0800,31.1000,31.0750,31.0900,7200
1430921939,31.1000,31.1250,31.0500,31.0650,12700
1430922247,31.1000,31.1300,31.1000,31.1100,14800
1430922555,31.1500,31.1600,31.0800,31.1000,8700
1430922872,31.0600,31.1200,31.0500,31.1200,10700
1430923081,31.1100,31.1200,31.0500,31.0500,10100
1430923492,31.1500,31.1900,31.1200,31.1200,14200
1430923751,31.2000,31.2100,31.1600,31.1600,9400
1430924074,31.2000,31.2000,31.1900,31.1900,10100
1430924350,31.1400,31.2000,31.1400,31.1900,11200
1430924689,31.1900,31.1900,31.1300,31.1400,9100
1430924999,31.1600,31.1800,31.1400,31.1800,8700
1430925243,31.0900,31.1700,31.0900,31.1500,10100
1430925594,31.0500,31.0900,31.0400,31.0900,8400
1430925856,31.1100,31.1100,31.0450,31.0500,9900
1430926189,31.0900,31.1200,31.0900,31.1000,6900
1430926492,31.0900,31.1100,31.0700,31.1000,7100
1430926791,31.1000,31.1000,31.0700,31.0950,11100
1430927092,31.1000,31.1050,31.0700,31.1000,5500
1430927387,31.0800,31.1100,31.0800,31.1100,5700
1430927663,31.0300,31.0700,31.0300,31.0600,5400
1430927991,31.0100,31.0365,30.9900,31.0300,11100
1430928243,31.0100,31.0300,31.0000,31.0200,6400
1430928487,31.0100,31.0100,31.0000,31.0100,6200
1430928766,31.0000,31.0000,30.9901,31.0000,4300
1430929084,31.0000,31.0100,30.9900,30.9910,14700
1430929498,31.0100,31.0100,31.0000,31.0000,400
1430929773,31.0000,31.0100,30.9900,31.0100,12000
1430929930,30.9600,30.9800,30.9600,30.9800,1000
1430930249,30.9900,30.9900,30.9700,30.9700,4100
1430930681,30.9900,30.9900,30.9800,30.9900,10200
1430930908,31.0150,31.0150,31.0100,31.0100,5100
1430931252,30.9600,31.0100,30.9600,31.0100,3000
1430931572,30.9508,30.9600,30.9500,30.9600,6300
1430931844,30.9200,30.9500,30.9200,30.9500,6700
1430932114,30.9400,30.9400,30.9100,30.9100,4200
1430932465,30.9400,30.9500,30.9400,30.9400,600
1430932769,30.9800,30.9800,30.9401,30.9401,4200
1430933065,31.0100,31.0100,30.9899,30.9900,15100
1430933307,30.9900,31.0000,30.9900,31.0000,2400
1430933652,30.9900,31.0000,30.9800,30.9800,12100
1430933936,31.0000,31.0000,30.9800,30.9800,4000
1430934267,30.9800,31.0000,30.9800,31.0000,2800
1430934547,30.9500,30.9700,30.9200,30.9700,7800
1430934854,30.9400,30.9500,30.9400,30.9500,4700
1430935154,30.9450,30.9600,30.9400,30.9400,3100
1430935473,30.9600,30.9600,30.9100,30.9400,6600
1430935789,31.0000,31.0000,30.9500,30.9600,11500
1430936096,31.0000,31.0000,30.9600,30.9900,10900
1430936343,31.0000,31.0000,30.9800,30.9900,13700
1430936667,30.9700,30.9900,30.9600,30.9900,11200
1430936920,30.9800,30.9800,30.9300,30.9600,27400
1430937255,30.9600,30.9700,30.9600,30.9700,12800
1430937542,30.9200,30.9600,30.9200,30.9600,10500
1430937898,30.9100,30.9200,30.8800,30.9200,15800
1430938184,30.9200,30.9200,30.9000,30.9100,8500
1430938471,30.9100,30.9300,30.9000,30.9200,17000
1430938796,30.9050,30.9100,30.8700,30.9000,14000
1430939095,30.9150,30.9150,30.9000,30.9000,8300
1430939343,30.9400,30.9400,30.9100,30.9150,13300
1430939695,30.9250,30.9400,30.9200,30.9400,12000
1430939971,30.9250,30.9250,30.9200,30.9200,8000
1430940273,30.9600,30.9600,30.9200,30.9250,9200
1430940569,30.9700,30.9758,30.9500,30.9600,17800
1430940845,30.9700,30.9800,30.9600,30.9750,10000
1430941196,31.0100,31.0200,30.9700,30.9700,50200
1430941449,30.9700,31.0100,30.9700,31.0000,14500
1430941797,30.9800,30.9900,30.9700,30.9700,17100
1430942043,30.9500,30.9800,30.9400,30.9800,30400
1430942340,31.0000,31.0200,30.9400,30.9500,60500
1430942400,31.0000,31.0000,31.0000,31.0000,41100
1431005559,31.0200,31.0200,31.0200,31.0200,0
1431005951,30.9900,31.0000,30.9700,30.9800,11000
1431006279,31.0000,31.0100,30.9900,31.0050,12800
1431006598,31.0100,31.0100,30.9800,30.9800,11500
1431006891,31.0100,31.0100,30.9700,31.0000,15400
1431007171,30.9800,31.0050,30.9700,31.0000,8100
1431007499,30.9900,31.0200,30.9700,31.0100,22400
1431007782,30.9900,31.0050,30.9700,31.0000,13100
1431008067,30.9800,31.0000,30.9800,30.9800,9500
1431008347,31.0000,31.0200,30.9700,30.9900,14300
1431008699,30.9800,31.0050,30.9800,31.0000,13000
1431008954,31.0000,31.0000,30.9800,30.9900,16600
1431009286,30.9900,31.0050,30.9850,30.9900,15300
1431009583,31.0050,31.0100,30.9850,30.9900,8800
1431009890,31.0400,31.0400,31.0050,31.0050,9100
1431010148,31.0100,31.0600,31.0100,31.0600,10100
1431010464,31.0050,31.0500,30.9950,31.0000,56400
1431010792,31.0000,31.0200,30.9950,31.0150,9300
1431011047,30.9950,30.9950,30.9800,30.9900,5600
1431011309,31.0000,31.0050,30.9800,30.9900,11000
1431011671,30.9900,31.0050,30.9900,31.0000,9400
1431011963,31.1000,31.1000,30.9950,30.9950,14800
1431012242,31.1500,31.1500,31.1000,31.1100,9000
1431012593,31.1800,31.2000,31.1700,31.1700,7400
1431012851,31.1800,31.1800,31.1700,31.1800,5700
1431013187,31.2100,31.2300,31.1800,31.1800,7000
1431013483,31.2200,31.2400,31.2000,31.2000,8800
1431013797,31.1600,31.2400,31.1400,31.2200,19100
1431014056,31.1000,31.1700,31.0750,31.1700,27000
1431014341,31.1600,31.1700,31.1100,31.1100,11300
1431014676,31.1600,31.1600,31.1400,31.1600,3600
1431014994,31.1600,31.1700,31.1600,31.1700,1100
1431015299,31.2100,31.2100,31.1500,31.1600,5800
1431015583,31.2400,31.2450,31.2100,31.2100,3800
1431015891,31.2500,31.2500,31.2450,31.2500,3400
1431016090,31.2700,31.2700,31.2600,31.2600,1400
1431016442,31.3000,31.3200,31.2800,31.2800,14700
1431016794,31.2900,31.3150,31.2900,31.3100,2600
1431017092,31.3100,31.3200,31.3000,31.3000,2800
1431017379,31.2600,31.3100,31.2600,31.3100,3400
1431017668,31.2900,31.3000,31.2700,31.2800,4800
1431017992,31.3000,31.3050,31.2900,31.2900,2300
1431018288,31.3300,31.3300,31.3000,31.3000,5500
1431018587,31.3300,31.3400,31.3100,31.3200,6200
1431018860,31.3200,31.3250,31.3100,31.3200,4100
1431019144,31.2900,31.3200,31.2900,31.3200,1600
1431019491,31.2600,31.2900,31.2600,31.2864,3800
1431019799,31.2800,31.2900,31.2700,31.2700,3600
1431020099,31.2600,31.2800,31.2500,31.2800,2700
1431020291,31.2900,31.2900,31.2550,31.2550,5000
1431020695,31.3000,31.3000,31.2700,31.2900,5300
1431020947,31.2800,31.3000,31.2800,31.2900,3500
1431021299,31.2900,31.2900,31.2800,31.2800,6500
1431021597,31.2900,31.3000,31.2800,31.2900,9300
1431021896,31.3200,31.3200,31.2800,31.2800,6400
1431022199,31.3500,31.3500,31.3100,31.3200,20900
1431022483,31.3400,31.3600,31.3300,31.3600,6200
1431022797,31.3400,31.3600,31.3300,31.3400,6300
1431023099,31.3150,31.3400,31.3150,31.3400,6100
1431023388,31.3100,31.3200,31.3100,31.3200,3000
1431023645,31.3500,31.3500,31.3100,31.3100,9600
1431023948,31.3300,31.3400,31.3300,31.3400,5800
1431024293,31.3100,31.3200,31.3100,31.3200,5100
1431024577,31.2950,31.3200,31.2900,31.3200,7400
1431024834,31.3000,31.3000,31.2900,31.2900,6000
1431025180,31.3000,31.3100,31.3000,31.3000,2200
1431025433,31.3000,31.3100,31.3000,31.3100,7900
1431025798,31.3000,31.3050,31.2900,31.3000,21200
1431026094,31.2950,31.3000,31.2900,31.3000,6500
1431026374,31.2850,31.2950,31.2800,31.2950,16000
1431026657,31.2600,31.2900,31.2600,31.2900,11700
1431026997,31.2900,31.3000,31.2500,31.2600,14100
1431027271,31.3100,31.3200,31.2900,31.2900,13100
1431027578,31.3100,31.3550,31.3100,31.3150,16000
1431027845,31.2700,31.3300,31.2700,31.3200,12200
1431028197,31.2900,31.3000,31.2600,31.2600,9300
1431028457,31.2700,31.2800,31.2500,31.2750,29000
1431028740,31.2800,31.3100,31.2500,31.2750,37300
1431028800,31.2800,31.2800,31.2800,31.2800,50700
1431092091,31.3700,31.4100,31.2300,31.4100,0
1431092363,31.4400,31.4900,31.3450,31.3450,7700
1431092661,31.5600,31.5700,31.4000,31.4625,10200
1431092996,31.5200,31.5700,31.5000,31.5700,7300
1431093270,31.5900,31.5900,31.5200,31.5200,3700
1431093592,31.5400,31.6000,31.5400,31.5900,2000
1431093874,31.5900,31.6000,31.5400,31.5400,6400
1431094178,31.5800,31.6200,31.5700,31.5800,6100
1431094461,31.5800,31.6000,31.5800,31.5900,1600
1431094768,31.5300,31.5700,31.5300,31.5700,4700
1431095070,31.5300,31.5400,31.5100,31.5300,5500
1431095384,31.4900,31.5200,31.4900,31.5200,25200
1431095679,31.5100,31.5300,31.4900,31.4900,5100
1431095997,31.5000,31.5200,31.4900,31.5000,7400
1431096257,31.5100,31.5100,31.5000,31.5000,3700
1431096590,31.4900,31.5050,31.4700,31.5000,7600
1431096831,31.5200,31.5200,31.5000,31.5000,3400
1431097175,31.5300,31.5300,31.5000,31.5200,1700
1431097440,31.4600,31.5200,31.4400,31.5100,31000
1431097777,31.4800,31.4800,31.4400,31.4400,5800
1431098051,31.4500,31.4800,31.4400,31.4800,23600
1431098386,31.4400,31.4500,31.4400,31.4400,9700
1431098613,31.4300,31.4300,31.3950,31.4300,12900
1431098954,31.3850,31.4500,31.3800,31.4400,21300
1431099294,31.3865,31.3900,31.3800,31.3850,9100
1431099542,31.3600,31.3900,31.3400,31.3900,17300
1431099851,31.3662,31.3800,31.3600,31.3800,7300
1431100160,31.4100,31.4150,31.3600,31.3700,7000
1431100482,31.4600,31.4800,31.4050,31.4100,8300
1431100797,31.4700,31.4800,31.4600,31.4800,1700
1431101079,31.4800,31.5100,31.4800,31.4800,8000
1431101344,31.4800,31.5000,31.4700,31.5000,3800
1431101668,31.5000,31.5000,31.4750,31.4800,4200
1431101952,31.4800,31.4800,31.4700,31.4800,7400
1431102258,31.4800,31.4900,31.4800,31.4900,3300
1431102531,31.5200,31.5200,31.4800,31.4800,4500
1431102887,31.5000,31.5250,31.5000,31.5200,5500
1431103137,31.5000,31.5200,31.5000,31.5000,2100
1431103499,31.5000,31.5100,31.5000,31.5100,4000
1431103759,31.5000,31.5100,31.4950,31.4950,4200
1431104079,31.4900,31.5050,31.4800,31.5000,4300
1431104287,31.5100,31.5100,31.4900,31.4900,6200
1431104643,31.4900,31.5100,31.4900,31.5001,2900
1431104959,31.5070,31.5070,31.4810,31.4900,6100
1431105246,31.5000,31.5200,31.5000,31.5000,7000
1431105553,31.5200,31.5200,31.4900,31.5100,3900
1431105874,31.5200,31.5300,31.5200,31.5200,1500
1431106143,31.5100,31.5110,31.4900,31.5100,5400
1431106444,31.5000,31.5300,31.4800,31.5000,20900
1431106741,31.5000,31.5000,31.4800,31.4900,10300
1431107028,31.5000,31.5000,31.4800,31.4900,3000
1431107375,31.5000,31.5100,31.4900,31.5000,5500
1431107644,31.5100,31.5100,31.4801,31.4900,7500
1431107999,31.5000,31.5001,31.4900,31.5000,4200
1431108295,31.5000,31.5100,31.4900,31.5000,4200
1431108584,31.4900,31.5100,31.4900,31.5000,3800
1431108856,31.4900,31.5000,31.4800,31.5000,4200
1431109136,31.5100,31.5100,31.4900,31.4900,5100
1431109463,31.5200,31.5200,31.5000,31.5050,4800
1431109744,31.5250,31.5300,31.5100,31.5100,2600
1431110099,31.5300,31.5300,31.5200,31.5250,6600
1431110360,31.5400,31.5400,31.5200,31.5300,5300
1431110614,31.5300,31.5500,31.5300,31.5500,11300
1431110993,31.5700,31.5700,31.5300,31.5300,7400
1431111277,31.5600,31.5700,31.5500,31.5700,4100
1431111578,31.5200,31.5600,31.5200,31.5567,5200
1431111878,31.5450,31.5500,31.5200,31.5200,7400
1431112165,31.5400,31.5500,31.5400,31.5400,2700
1431112478,31.5500,31.5600,31.5400,31.5450,4200
1431112783,31.5450,31.5600,31.5400,31.5500,9900
1431113040,31.5400,31.5600,31.5400,31.5500,8700
1431113323,31.5500,31.5550,31.5400,31.5500,5600
1431113657,31.5500,31.5600,31.5400,31.5400,10300
1431113996,31.5400,31.5600,31.5400,31.5400,5900
1431114242,31.5300,31.5400,31.5200,31.5400,12000
1431114597,31.5400,31.5499,31.5200,31.5250,7400
1431114898,31.5700,31.5800,31.5400,31.5500,20000
1431115140,31.5500,31.5700,31.5400,31.5650,26300
1431115200,31.5500,31.5500,31.5500,31.5500,33100
1431351278,31.5400,31.5400,31.3700,31.5100,0
1431351589,31.5000,31.5800,31.4800,31.4800,7400
1431351892,31.5100,31.5700,31.4900,31.5400,5000
1431352159,31.5400,31.5900,31.5200,31.5200,3600
1431352499,31.5400,31.5500,31.5200,31.5400,3500
1431352680,31.5400,31.5400,31.5200,31.5300,4000
1431353088,31.5400,31.5700,31.5200,31.5500,5900
1431353351,31.5200,31.5400,31.5000,31.5200,12700
1431353690,31.5450,31.5500,31.5200,31.5200,3700
1431353995,31.5300,31.5700,31.5300,31.5450,11300
1431354288,31.5250,31.5300,31.5200,31.5300,2700
1431354577,31.5100,31.5300,31.5100,31.5250,7200
1431354890,31.5250,31.5250,31.4900,31.5200,12700
1431355127,31.5100,31.5200,31.5100,31.5100,2500
1431355498,31.5200,31.5200,31.5000,31.5100,5400
1431355712,31.5150,31.5200,31.5100,31.5200,1000
1431356006,31.5500,31.5700,31.5200,31.5200,7500
1431356371,31.5300,31.5500,31.5225,31.5500,7100
1431356645,31.5600,31.5800,31.5400,31.5400,4800
1431356997,31.5800,31.5800,31.5500,31.5550,3900
1431357217,31.6200,31.6200,31.5800,31.5800,4200
1431357599,31.5450,31.6050,31.5450,31.6000,6100
1431357861,31.5600,31.5700,31.5300,31.5450,14000
1431358199,31.5450,31.5750,31.5400,31.5650,5100
1431358440,31.5450,31.5500,31.5400,31.5450,2600
1431358741,31.5700,31.5750,31.5400,31.5450,15800
1431359098,31.5400,31.5600,31.5400,31.5500,4200
1431359379,31.5550,31.5600,31.5465,31.5465,6300
1431359657,31.5550,31.5550,31.5400,31.5550,5900
1431359941,31.5550,31.5550,31.5500,31.5550,2600
1431360266,31.5450,31.5500,31.5325,31.5500,7400
1431360593,31.5450,31.5450,31.5300,31.5450,7500
1431360838,31.5500,31.5600,31.5450,31.5450,4200
1431361086,31.5400,31.5600,31.5400,31.5500,2500
1431361454,31.5500,31.5500,31.5350,31.5350,4400
1431361740,31.5500,31.5500,31.5400,31.5400,2400
1431362049,31.5500,31.5500,31.5350,31.5400,6000
1431362373,31.5300,31.5600,31.5300,31.5500,5200
1431362678,31.5100,31.5350,31.5100,31.5350,3500
1431362969,31.5100,31.5200,31.5000,31.5100,9300
1431363183,31.5500,31.5500,31.5100,31.5100,5400
1431363572,31.5500,31.5500,31.5500,31.5500,1400
1431363808,31.5500,31.5550,31.5400,31.5400,3000
1431364197,31.5600,31.5600,31.5400,31.5500,5300
1431364441,31.5750,31.5800,31.5700,31.5700,2200
1431364694,31.5700,31.5750,31.5600,31.5700,4400
1431365040,31.5800,31.5800,31.5450,31.5800,14500
1431365375,31.5500,31.5700,31.5500,31.5700,600
1431365675,31.5700,31.5750,31.5700,31.5700,4800
1431365927,31.5701,31.5800,31.5700,31.5700,5200
1431366282,31.5500,31.5800,31.5500,31.5800,7000
1431366596,31.5500,31.5700,31.5450,31.5500,10700
1431366878,31.5700,31.5750,31.5500,31.5500,6600
1431367190,31.5600,31.5750,31.5600,31.5700,4000
1431367470,31.5700,31.5750,31.5500,31.5600,5400
1431367778,31.5550,31.5800,31.5500,31.5700,6800
1431367999,31.5700,31.5800,31.5500,31.5500,9300
1431368380,31.5500,31.5700,31.5450,31.5700,5700
1431368696,31.5400,31.5500,31.5400,31.5500,6900
1431368973,31.5200,31.5400,31.5200,31.5400,5000
1431369240,31.5100,31.5200,31.5000,31.5200,9900
1431369540,31.4950,31.5000,31.4900,31.5000,9700
1431369841,31.5100,31.5100,31.4900,31.4900,14000
1431370198,31.4900,31.5000,31.4900,31.5000,6300
1431370482,31.5000,31.5100,31.4900,31.4900,12400
1431370740,31.5000,31.5099,31.4900,31.5050,11000
1431371098,31.4950,31.5000,31.4900,31.5000,12900
1431371368,31.4900,31.4950,31.4900,31.4900,3000
1431371668,31.5300,31.5300,31.4900,31.4900,15100
1431371983,31.5200,31.5300,31.5100,31.5300,4900
1431372297,31.5100,31.5300,31.5100,31.5200,6900
1431372569,31.5050,31.5100,31.5000,31.5100,6000
1431372875,31.5300,31.5400,31.5000,31.5000,19900
1431373140,31.5200,31.5400,31.5200,31.5300,11300
1431373455,31.5400,31.5400,31.5200,31.5300,7500
1431373798,31.5000,31.5400,31.5000,31.5300,14100
1431374040,31.5400,31.5400,31.5200,31.5300,20700
1431374340,31.5200,31.5500,31.5200,31.5300,34100
1431374400,31.5300,31.5300,31.5300,31.5300,55600
1431437689,31.5000,31.5600,31.4900,31.5000,0
1431437950,31.5300,31.5300,31.5000,31.5000,5300
1431438238,31.5100,31.5200,31.4800,31.5100,11500
1431438555,31.4900,31.4900,31.4500,31.4800,16900
1431438895,31.5050,31.5300,31.4800,31.4800,9900
1431439178,31.5200,31.5350,31.5000,31.5050,9100
1431439467,31.5000,31.5100,31.4900,31.5000,27300
1431439792,31.5200,31.5300,31.5000,31.5000,11400
1431440099,31.5200,31.5200,31.5000,31.5100,11200
1431440387,31.5150,31.5300,31.5000,31.5200,16100
1431440650,31.5150,31.5300,31.5050,31.5200,14100
1431440948,31.5000,31.5300,31.5000,31.5150,7100
1431441269,31.5800,31.5800,31.5050,31.5050,7200
1431441549,31.5700,31.5800,31.5400,31.5800,5500
1431441868,31.6000,31.6100,31.5800,31.5900,2800
1431442188,31.6500,31.6700,31.6000,31.6000,5000
1431442401,31.6400,31.6400,31.6300,31.6300,2000
1431442755,31.6400,31.6600,31.6300,31.6400,5000
1431443089,31.7000,31.7000,31.6500,31.6500,3700
1431443369,31.7200,31.7200,31.7000,31.7000,1900
1431443693,31.6800,31.7200,31.6750,31.7200,7800
1431443979,31.6300,31.6800,31.6250,31.6800,7400
1431444245,31.6700,31.6700,31.6200,31.6200,3900
1431444572,31.6500,31.6650,31.6500,31.6600,6800
1431444850,31.6500,31.6600,31.6400,31.6600,4400
1431445172,31.6300,31.6500,31.6200,31.6400,4600
1431445467,31.6350,31.6400,31.6100,31.6200,7100
1431445766,31.6500,31.6500,31.6300,31.6300,5300
1431446022,31.6200,31.6400,31.6200,31.6400,2300
1431446390,31.6000,31.6300,31.6000,31.6300,3100
1431446698,31.5850,31.6100,31.5800,31.6100,6000
1431446985,31.5850,31.5900,31.5800,31.5850,5200
1431447288,31.5800,31.6000,31.5700,31.5850,9600
1431447591,31.5800,31.5900,31.5700,31.5800,4600
1431447897,31.5850,31.5900,31.5800,31.5900,4100
1431448186,31.6100,31.6100,31.5800,31.5850,8400
1431448470,31.5900,31.6000,31.5900,31.6000,115300
1431448761,31.6300,31.6300,31.5900,31.6000,5300
1431449064,31.6300,31.6300,31.6200,31.6300,2100
1431449369,31.6200,31.6300,31.6200,31.6200,1600
1431449627,31.6200,31.6400,31.6150,31.6300,9300
1431449993,31.6050,31.6100,31.5950,31.6100,4600
1431450248,31.6100,31.6200,31.6050,31.6090,4800
1431450484,31.6300,31.6300,31.6200,31.6200,3400
1431450830,31.6700,31.6700,31.6350,31.6400,3100
1431451146,31.6900,31.6900,31.6800,31.6800,2700
1431451440,31.6950,31.7000,31.6800,31.6800,2100
1431451712,31.7100,31.7100,31.6900,31.7100,1300
1431452080,31.6900,31.7100,31.6900,31.7000,3500
1431452388,31.6700,31.6800,31.6600,31.6800,3900
1431452659,31.6400,31.6700,31.6400,31.6500,3500
1431452997,31.6300,31.6400,31.6200,31.6300,7200
1431453250,31.6100,31.6200,31.6100,31.6200,3300
1431453546,31.6000,31.6200,31.6000,31.6100,5200
1431453863,31.6000,31.6100,31.5900,31.5900,2300
1431454091,31.6030,31.6100,31.5900,31.6000,2900
1431454483,31.5900,31.6000,31.5900,31.6000,2900
1431454758,31.6000,31.6100,31.5900,31.5950,3500
1431455094,31.6300,31.6400,31.6099,31.6099,5000
1431455398,31.6500,31.6698,31.6300,31.6400,3200
1431455568,31.6700,31.6800,31.6700,31.6700,4700
1431455999,31.6900,31.6900,31.6600,31.6600,1500
1431456287,31.7200,31.7200,31.6800,31.6900,12900
1431456591,31.7200,31.7300,31.7100,31.7200,4700
1431456833,31.7300,31.7300,31.7167,31.7200,7100
1431457196,31.7200,31.7200,31.6900,31.7200,16600
1431457498,31.7100,31.7300,31.7100,31.7200,12100
1431457797,31.7000,31.7100,31.6900,31.7100,2700
1431457989,31.7100,31.7100,31.6900,31.7100,7400
1431458398,31.6701,31.7000,31.6600,31.7000,10800
1431458650,31.6600,31.6900,31.6600,31.6800,5200
1431458889,31.6200,31.6700,31.6200,31.6650,10300
1431459285,31.6300,31.6600,31.6300,31.6400,6900
1431459587,31.6200,31.6400,31.6200,31.6300,7100
1431459840,31.5520,31.6100,31.5500,31.6100,27300
1431460192,31.6050,31.6100,31.5600,31.5700,31800
1431460498,31.6200,31.6250,31.5800,31.6000,31500
1431460799,31.6100,31.6200,31.5900,31.6200,58800
1431460800,31.6100,31.6100,31.6100,31.6100,26300
1431524049,31.7300,31.7300,31.4600,31.6300,0
1431524373,31.8800,31.8800,31.7100,31.7100,16500
1431524693,31.9000,31.9700,31.8800,31.8800,6300
1431524880,31.8400,31.9100,31.8400,31.8900,3900
1431525284,31.9300,31.9500,31.8400,31.8800,10500
1431525565,31.9300,31.9300,31.9000,31.9200,4600
1431525889,31.9300,31.9500,31.8800,31.9000,5500
1431526141,32.0200,32.0270,31.9400,31.9400,15100
1431526494,32.0300,32.0500,32.0100,32.0100,6500
1431526798,31.9800,32.0200,31.9800,32.0200,6400
1431527055,31.9700,31.9800,31.9700,31.9800,3000
1431527380,31.9500,31.9630,31.9400,31.9600,4400
1431527653,31.8900,31.9700,31.8900,31.9500,4300
1431527953,31.9200,31.9200,31.8700,31.8900,6800
1431528250,31.9300,31.9600,31.9300,31.9300,2300
1431528555,31.9300,31.9368,31.9000,31.9368,2100
1431528788,31.9400,31.9400,31.9300,31.9400,800
1431529140,31.8900,31.9500,31.8800,31.9500,23700
1431529493,31.8200,31.8700,31.8100,31.8700,5900
1431529762,31.8400,31.8400,31.8200,31.8200,2800
1431529980,31.7900,31.8400,31.7900,31.8220,2200
1431530398,31.8200,31.8500,31.7700,31.7800,13700
1431530622,31.7900,31.8200,31.7850,31.8200,4900
1431530948,31.7600,31.7900,31.7600,31.7900,2600
1431531277,31.8000,31.8000,31.7400,31.7600,5900
1431531500,31.7701,31.8000,31.7700,31.8000,2300
1431531788,31.7600,31.7900,31.7600,31.7700,4600
1431532089,31.7600,31.7700,31.7400,31.7500,4400
1431532384,31.7200,31.7500,31.7150,31.7500,5000
1431532767,31.7200,31.7200,31.6800,31.7100,8900
1431533041,31.7000,31.7200,31.6950,31.7200,5600
1431533343,31.6800,31.7100,31.6750,31.7100,8100
1431533673,31.6900,31.7100,31.6550,31.6899,13500
1431533973,31.6800,31.7000,31.6550,31.7000,6100
1431534277,31.7100,31.7200,31.6700,31.6700,5600
1431534583,31.6900,31.7000,31.6850,31.7000,12800
1431534861,31.6800,31.6900,31.6800,31.6900,3300
1431535158,31.7350,31.7600,31.6800,31.6800,7400
1431535475,31.7000,31.7300,31.7000,31.7300,3000
1431535788,31.7600,31.7700,31.7000,31.7000,7200
1431536041,31.7200,31.7500,31.7100,31.7500,2400
1431536288,31.7150,31.7300,31.7000,31.7100,5000
1431536695,31.7600,31.7700,31.7250,31.7300,3700
1431536903,31.7700,31.7700,31.7500,31.7600,3800
1431537187,31.7600,31.7800,31.7550,31.7800,5100
1431537525,31.7300,31.7600,31.7300,31.7500,6200
1431537803,31.7300,31.7400,31.7300,31.7305,3700
1431538199,31.7250,31.7300,31.7100,31.7200,10700
1431538483,31.7300,31.7400,31.7200,31.7300,3700
1431538782,31.7100,31.7300,31.7100,31.7300,9100
1431539045,31.7500,31.7500,31.7050,31.7100,3700
1431539287,31.7200,31.7400,31.7200,31.7400,3900
1431539668,31.7100,31.7300,31.7050,31.7200,7900
1431539949,31.7000,31.7100,31.7000,31.7100,3500
1431540262,31.6900,31.7100,31.6900,31.7000,14100
1431540554,31.7200,31.7300,31.6975,31.7000,6900
1431540890,31.7134,31.7200,31.6600,31.7200,22900
1431541142,31.7200,31.7400,31.7050,31.7200,8300
1431541344,31.7200,31.7200,31.7100,31.7200,3200
1431541798,31.7100,31.7200,31.7100,31.7200,9200
1431542099,31.7000,31.7100,31.7000,31.7100,10800
1431542360,31.7000,31.7100,31.6900,31.7000,8600
1431542523,31.7100,31.7100,31.6950,31.7000,3500
1431542958,31.7100,31.7100,31.6700,31.6900,8200
1431543275,31.6600,31.7000,31.6550,31.7000,8300
1431543595,31.6650,31.6700,31.6500,31.6500,16700
1431543890,31.7300,31.7300,31.6700,31.6700,5700
1431544164,31.7500,31.7600,31.7300,31.7400,9200
1431544491,31.7400,31.7600,31.7400,31.7500,10800
1431544798,31.7500,31.7500,31.7300,31.7400,5900
1431545065,31.7700,31.7700,31.7300,31.7500,12400
1431545396,31.7600,31.7800,31.7500,31.7700,8500
1431545691,31.7700,31.7700,31.7500,31.7600,9200
1431545987,31.7800,31.7900,31.7600,31.7700,12400
1431546299,31.8000,31.8150,31.7800,31.7850,17600
1431546585,31.8300,31.8300,31.8000,31.8000,17200
1431546843,31.8200,31.8200,31.8000,31.8100,19900
1431547141,31.8000,31.8300,31.7950,31.8200,70200
1431547200,31.8000,31.8000,31.8000,31.8000,0
1431610648,31.8800,31.9500,31.8500,31.9200,0
1431611079,31.9600,31.9600,31.9100,31.9200,3600
1431611384,31.9000,31.9400,31.8700,31.9400,4300
1431611598,31.8600,31.9100,31.8400,31.9000,2000
1431611984,31.8100,31.8600,31.8100,31.8500,3200
1431612257,31.8000,31.8200,31.7900,31.8200,3400
1431612589,31.7700,31.7700,31.7400,31.7600,3600
1431612850,31.8400,31.8400,31.7600,31.7600,2700
1431612975,31.8500,31.8600,31.8400,31.8600,3200
1431613476,31.8000,31.8400,31.7900,31.8400,4600
1431613674,31.7800,31.8100,31.7800,31.8100,3800
1431614085,31.7400,31.7800,31.7400,31.7800,4000
1431614391,31.7200,31.7400,31.7200,31.7400,1800
1431614653,31.7200,31.7200,31.7000,31.7100,3000
1431614988,31.7000,31.7100,31.6900,31.7100,2800
1431615268,31.6800,31.6900,31.6700,31.6900,2600
1431615594,31.6700,31.6900,31.6700,31.6700,2800
1431615812,31.7300,31.7300,31.6900,31.6900,1600
1431616116,31.7200,31.7400,31.7200,31.7400,1800
1431616496,31.6900,31.7100,31.6600,31.7100,7900
1431616782,31.7400,31.7400,31.6600,31.7100,16300
1431616993,31.7400,31.7400,31.7300,31.7400,1900
1431617353,31.7300,31.7400,31.7300,31.7301,900
1431617691,31.7200,31.7300,31.7000,31.7300,3200
1431617936,31.6900,31.7201,31.6900,31.7200,1900
1431618260,31.6700,31.7021,31.6700,31.6900,1700
1431618540,31.7300,31.7300,31.6700,31.6700,2000
1431618869,31.7300,31.7600,31.7300,31.7400,1700
1431619148,31.7062,31.7300,31.7000,31.7300,2100
1431619490,31.7100,31.7100,31.6700,31.6900,4300
1431619683,31.7500,31.7600,31.7200,31.7200,4000
1431619976,31.7730,31.7730,31.7400,31.7400,900
1431620372,31.7900,31.8100,31.7600,31.7600,1700
1431620686,31.8300,31.8400,31.8000,31.8100,2800
1431620990,31.8100,31.8300,31.8100,31.8200,1400
1431621243,31.8000,31.8200,31.7900,31.8000,1600
1431621463,31.8000,31.8000,31.7800,31.7800,1400
1431621858,31.8130,31.8300,31.8000,31.8010,3900
1431622165,31.7900,31.8200,31.7800,31.8100,3200
1431622217,31.7911,31.7911,31.7911,31.7911,200
                                                                                                                                                                               